XMIN                             : -7.366055239048017
XMAX                             : -7.010449785822498
YMIN                             : 41.27716317541679
YMAX                             : 41.55553281375278
