XMIN                             : -7.763628624164421
XMAX                             : -7.394299271471744
YMIN                             : 41.450863303316275
YMAX                             : 41.728130055689014
