XMIN                             : -7.679953478514695
XMAX                             : -7.3324878279037025
YMIN                             : 39.99355634776062
YMAX                             : 40.27098815899398
